00100100000000100000000000000100
00111100000000010001000000000001
00110100001001000000000000000000
00000000000000000000000000001100
00100100000000100000000000000101
00000000000000000000000000001100
00000000010000000100000000100000
00100100000000100000000000000100
00111100000000010001000000000001
00110100001001000000000000011010
00000000000000000000000000001100
00100100000000100000000000000101
00000000000000000000000000001100
00000000010000000100100000100000
NOP
00000001000000000010000000100000
00000001001000000010100000100000
00001100000100000000000000010110
00000000010000000010000000100000
00100100000000100000000000000001
00000000000000000000000000001100
00100100000000100000000000001010
00000000000000000000000000001100
00100011101111011111111111110100
10101111101111110000000000000000
10101111101100000000000000000100
10101111101100010000000000001000
NOP
00000000100000001000000000100000
00000000101000001000100000100000
00010010000100010000000000010001
NOP
00000010000100010000100000101010
00010100001000000000000000000010
00000010001100000000100000101010
00010100001000000000000000000100
00000010000000000010000000100000
00000010001100000010100000100010
00001100000100000000000000010110
00001000000100000000000000101001
00000010000100010010000000100010
00000010001000000010100000100000
00001100000100000000000000010110
00001000000100000000000000101001
10001111101111110000000000000000
10001111101100000000000000000100
10001111101100010000000000000100
00100011101111010000000000001100
00000011111000000000000000001000
00000010000000000001000000100000
00001000000100000000000000101001
